011000101
010100110
001110100
111001101
100011111
110000000
010011111
100101001
011110011
011101000
001000001
100100101
111100000
010010101
101011000
001001000
000000110
011000011
111110100
010111000
001101010
111100101
111111110
101001100
101011000
110011110
011101101
100010011
010010011
001000001
111001000
110111100
000000110
111110010
110010001
010000010
001111000
000010001
001110010
111010110
011100010
001001000
000100111
110110000
111011001
010011100
111101100
001000001
100101001
111011010
001111101
100100101
000011101
101010100
001011001
000110101
001000010
001101010
100110010
101111111
100101010
100011111
110101110
001110010
010101010
011001100
101110110
001110001
111111011
001101111
101101110
000101011
111001011
000010010
001100011
111011001
011111010
110111001
011000101
010101001
010101100
011010111
010110010
101101000
000111001
101000011
110110011
101001010
000001010
110001111
000011110
001000100
100111110
111111110
101111001
100101010
000101011
101011011
100111101
110110110
111111110
010101010
110001111
111000001
011011011
010001110
100101111
110000000
101011110
000101011
001001101
010001110
110010001
001100101
001111000
100100011
110110101
101101011
111111101
001000100
101101110
011101101
101000101
101011000
101101101
001100101
101110011
101010100
010100110
110001111
001010110
011110000
011010111
001000010
111101001
010101001
011001100
101111001
101101110
101011110
000011110
000111111
010110001
011010010
100111000
011011101
011101011
101000000
010000010
011000011
011011011
001000100
110001111
001110100
101101000
101001010
010101010
001000001
111101001
100011100
111010101
000110101
110000101
010010000
000000011
110010010
110101000
111001101
101001111
001000010
001010110
101101011
110110110
010000001
100001000
010010000
000101110
010000010
110100010
001110111
010100110
011000011
101000110
000101011
111001101
011111100
110011110
011110110
011001010
010011001
111000010
010000001
100011100
110011110
001111101
101101000
100101001
101100010
110111010
010000001




