01001111
01100001
10011010
11000111
01100010
00101110
11001110
01010000
11000000
01010101
10001111
01001001
01101101
10111110
11100010
10010000
11000001
01100001
11111011
01011011
10110111
00100111
10001111
01011000
00001110
10010001
00111111
01001101
10001100
01101111
10101010
10011000
10000110
00010101
11011111
11001000
11110010
01100101
10001111
01100001
11011110
00001010
00101010
00000011
01010110
10010111
10111011
01111001
11110010
01110000
11101011
10000101
01001100
01100101
01111000
01100110
01010110
00001111
00000100
01000100
00001100
01010010
01010110
00011010
