11100010Fehler
01010011
00111010
11100110
10001111
11000000
01001111
10010100
01111001
01110100
00100000
10010010
11110000
01001010
10101100
00100100
00000011
01100001
11111010
00011100Fehler
00110001Fehler
11110010
11111111
10100110
10101100
11001111
01110110
10001001
01001001
00100000
11100100
11011110
00000011
11111001
11001000
01000001
00111100
00001000
00111001
11101011
01110001
00100100
00010011
11011000
11101100Fehler
01001110
11110110
00100000
10010100
11101101
00111110
10010010
00011110Fehler
10101000Fehler
00101100
00011010
00100001
00110101
10011001
10111111
10010101
11001111Fehler
11010111
00111001
01010101
01100110
10111011
00111000
11111101
00110111
10110111
00010101
11100101
00001001
00110001
11101100
01111101
11011100
01000010Fehler
00010100Fehler
01010110
01101011
01011001
10110100
00011100
10100001
11001011
10100101
00000101
11000111
00001111Fehler
00100010
10011111
11111111
10111100
10010101
00010101
10101101
10011110
11011011
11111111
01010101
11000111
11100000
01101100Fehler
01000111
10010111
11000000
10101111
00010101
00100110
01000111
11001000
00110010
00101100Fehler
10010001
11011010
10110101
11111110
00100010
10110111
01110110
10100010
10101100
10110110
00110010
10111001
10101010
01010011
11000111
00101011
01111000
01101011
00100001
11110100
01010100
01100110
10111100
10110111
10101111
00001111
00011111
01011000
01101001
10011100
01101110
01110101
10100000
01000001
01100001
01100101Fehler
00100010
11000111
00111010
10110100
10100101
01010101
00100000
11110100
10001110
11101010
00011010
11000010
01001000
00000001
11001001
11010100
11100110
10100111
00100000Fehler
00101011
10110101
11011011
01001000Fehler
10000100
01001000
00010111
01000001
11010001
00111011
01010011
01100001
10100011
00010101
11100110
01111110
11001111
01111011
01100101
01001100
11100001
01000000
10001110
11001111
00111110
10110100
10010100
10110001
11011101
01000000








